
--- Debug info for split: train ---

Example 1:
Input IDs:       [4, 75, 55, 88, 6, 61, 51, 38, 88, 57, 30, 33, 38, 88, 72, 36, 65, 38, 88, 44, 78, 47, 38, 88, 33, 60, 6, 38, 88, 30, 33, 41, 38, 88, 28, 34, 57, 38, 88, 47, 51, 0, 38, 88, 44, 47, 30, 38, 88, 78, 0, 94, 38, 88, 48, 30, 94, 38, 88, 47, 65, 44, 38, 88, 61, 28, 60, 38, 88, 51, 0, 44, 38, 88, 78, 19, 47, 38, 88, 72, 16, 41, 38, 88, 34, 30, 28, 38, 88, 41, 16, 30, 38, 88, 47, 57, 36, 38, 88, 6, 0, 30, 38, 88, 47, 57, 19, 38, 88, 41, 65, 44, 38, 88, 57, 28, 0, 38, 88, 6, 44, 28, 38, 88, 34, 30, 57, 38, 88, 65, 19, 47, 38, 88, 57, 44, 6, 38, 88, 57, 78, 30, 38, 88, 57, 44, 72, 38, 88, 30, 28, 60, 38, 88, 44, 65, 19, 38, 88, 61, 78, 33, 38, 88, 16, 41, 34, 38, 88, 41, 30, 36, 38, 88, 44, 41, 72, 38, 88, 78, 44, 73, 38, 88, 36, 65, 48, 38, 88, 94, 16, 34, 38, 88, 19, 33, 36, 38, 88, 34, 47, 16, 38, 88, 41, 78, 94, 38, 88, 57, 36, 60, 38, 88, 65, 94, 28, 38, 88, 72, 73, 44, 38, 88, 51, 41, 36, 38, 88, 57, 60, 6, 38, 88, 33, 19, 47, 38, 88, 28, 78, 30, 38, 88, 0, 30, 44, 38, 99, 69, 87, 55, 99, 15, 93, 1, 1, 1, 1, 1, 1, 1, 1, 1, 1, 1, 12, 70, 28, 81, 89, 70, 1, 81, 50, 70, 82, 81, 32, 69, 87, 55, 28, 99, 15, 1, 93, 1, 1, 1, 1, 1, 1, 1, 1, 1, 1, 1, 12, 70, 30, 81, 89, 70, 1, 1, 81, 50, 70, 82, 81, 32, 69, 87, 55, 28, 30, 99, 15, 1, 1, 93, 1, 1, 1, 1, 1, 1, 1, 1, 1, 1, 1, 12, 70, 94, 81, 89, 70, 1, 1, 1, 81, 50, 70, 82, 81, 32, 69, 87, 55, 28, 30, 94, 33, 99, 15, 1, 1, 1, 1, 93, 1, 1, 1, 1, 1, 1, 1, 1, 1, 1, 1, 12, 70, 61, 81, 89, 70, 1, 1, 1, 1, 81, 50, 70, 82, 81, 32, 69, 45, 55, 1, 1, 1, 1, 99, 42, 62, 10, 11, 80, 69, 87, 55, 28, 30, 94, 33, 44, 99, 15, 1, 1, 1, 1, 1, 93, 1, 1, 1, 1, 1, 1, 1, 1, 1, 1, 1, 12, 70, 47, 81, 89, 70, 1, 1, 1, 1, 81, 50, 70, 82, 81, 32, 69, 87, 55, 28, 30, 94, 33, 44, 47, 51, 65, 41, 60, 99, 15, 1, 1, 1, 1, 1, 1, 1, 1, 1, 1, 93, 1, 1, 1, 1, 1, 1, 1, 1, 1, 1, 1, 12, 70, 34, 81, 89, 70, 1, 1, 1, 1, 1, 81, 50, 70, 82, 81, 32, 69, 87, 55, 28, 30, 94, 33, 44, 47, 51, 65, 41, 60, 34, 99, 15, 1, 1, 1, 1, 1, 1, 1, 1, 1, 1, 1, 93, 1, 1, 1, 1, 1, 1, 1, 1, 1, 1, 1, 21, 83]
Attention Mask:  [1, 1, 1, 1, 1, 1, 1, 1, 1, 1, 1, 1, 1, 1, 1, 1, 1, 1, 1, 1, 1, 1, 1, 1, 1, 1, 1, 1, 1, 1, 1, 1, 1, 1, 1, 1, 1, 1, 1, 1, 1, 1, 1, 1, 1, 1, 1, 1, 1, 1, 1, 1, 1, 1, 1, 1, 1, 1, 1, 1, 1, 1, 1, 1, 1, 1, 1, 1, 1, 1, 1, 1, 1, 1, 1, 1, 1, 1, 1, 1, 1, 1, 1, 1, 1, 1, 1, 1, 1, 1, 1, 1, 1, 1, 1, 1, 1, 1, 1, 1, 1, 1, 1, 1, 1, 1, 1, 1, 1, 1, 1, 1, 1, 1, 1, 1, 1, 1, 1, 1, 1, 1, 1, 1, 1, 1, 1, 1, 1, 1, 1, 1, 1, 1, 1, 1, 1, 1, 1, 1, 1, 1, 1, 1, 1, 1, 1, 1, 1, 1, 1, 1, 1, 1, 1, 1, 1, 1, 1, 1, 1, 1, 1, 1, 1, 1, 1, 1, 1, 1, 1, 1, 1, 1, 1, 1, 1, 1, 1, 1, 1, 1, 1, 1, 1, 1, 1, 1, 1, 1, 1, 1, 1, 1, 1, 1, 1, 1, 1, 1, 1, 1, 1, 1, 1, 1, 1, 1, 1, 1, 1, 1, 1, 1, 1, 1, 1, 1, 1, 1, 1, 1, 1, 1, 1, 1, 1, 1, 1, 1, 1, 1, 1, 1, 1, 1, 1, 1, 1, 1, 1, 1, 1, 1, 1, 1, 1, 1, 1, 1, 1, 1, 1, 1, 1, 1, 1, 1, 1, 1, 1, 1, 1, 1, 1, 1, 1, 1, 1, 1, 1, 1, 1, 1, 1, 1, 1, 1, 1, 1, 1, 1, 1, 1, 1, 1, 1, 1, 1, 1, 1, 1, 1, 1, 1, 1, 1, 1, 1, 1, 1, 1, 1, 1, 1, 1, 1, 1, 1, 1, 1, 1, 1, 1, 1, 1, 1, 1, 1, 1, 1, 1, 1, 1, 1, 1, 1, 1, 1, 1, 1, 1, 1, 1, 1, 1, 1, 1, 1, 1, 1, 1, 1, 1, 1, 1, 1, 1, 1, 1, 1, 1, 1, 1, 1, 1, 1, 1, 1, 1, 1, 1, 1, 1, 1, 1, 1, 1, 1, 1, 1, 1, 1, 1, 1, 1, 1, 1, 1, 1, 1, 1, 1, 1, 1, 1, 1, 1, 1, 1, 1, 1, 1, 1, 1, 1, 1, 1, 1, 1, 1, 1, 1, 1, 1, 1, 1, 1, 1, 1, 1, 1, 1, 1, 1, 1, 1, 1, 1, 1, 1, 1, 1, 1, 1, 1, 1, 1, 1, 1, 1, 1, 1, 1, 1, 1, 1, 1, 1, 1, 1, 1, 1, 1, 1, 1, 1, 1, 1, 1, 1, 1, 1, 1, 1, 1, 1, 1, 1, 1, 1, 1, 1, 1, 1, 1, 1, 1, 1, 1, 1, 1, 1, 1, 1, 1, 1, 1, 1, 1, 1, 1, 1, 1, 1, 1, 1, 1, 1, 1, 1, 1, 1, 1, 1, 1, 1, 1, 1, 1, 1, 1, 1, 1, 1, 1, 1, 1, 1, 1, 1, 1, 1, 1, 1, 1, 1, 1, 1, 1, 1, 1, 1, 1, 1, 1, 1, 1, 1, 1, 1, 1, 1, 1, 1, 1, 1, 1, 1, 1]
Labels:          [75, -100, -100, -100, -100, -100, -100, -100, -100, -100, -100, -100, -100, -100, -100, -100, -100, -100, -100, -100, -100, -100, -100, -100, -100, -100, -100, -100, -100, -100, -100, -100, -100, -100, -100, -100, -100, -100, -100, -100, -100, -100, -100, -100, -100, -100, -100, -100, -100, -100, -100, -100, -100, -100, -100, -100, -100, -100, -100, -100, -100, -100, -100, -100, -100, -100, -100, -100, -100, -100, -100, -100, -100, -100, -100, -100, -100, -100, -100, -100, -100, -100, -100, -100, -100, -100, -100, -100, -100, -100, -100, -100, -100, -100, -100, -100, -100, -100, -100, -100, -100, -100, -100, -100, -100, -100, -100, -100, -100, -100, -100, -100, -100, -100, -100, -100, -100, -100, -100, -100, -100, -100, -100, -100, -100, -100, -100, -100, -100, -100, -100, -100, -100, -100, -100, -100, -100, -100, -100, -100, -100, -100, -100, -100, -100, -100, -100, -100, -100, -100, -100, -100, -100, -100, -100, -100, -100, -100, -100, -100, -100, -100, -100, -100, -100, -100, -100, -100, -100, -100, -100, -100, -100, -100, -100, -100, -100, -100, -100, -100, -100, -100, -100, -100, -100, -100, -100, -100, -100, -100, -100, -100, -100, -100, -100, -100, -100, -100, -100, -100, -100, -100, -100, -100, -100, -100, -100, -100, -100, -100, -100, -100, -100, -100, -100, -100, -100, -100, -100, -100, -100, -100, -100, -100, -100, -100, -100, -100, -100, -100, -100, -100, -100, -100, -100, -100, -100, -100, -100, -100, -100, -100, -100, -100, -100, -100, -100, -100, 69, 87, -100, -100, 15, 93, 1, 1, 1, 1, 1, 1, 1, 1, 1, 1, 1, 12, 70, 28, 81, 89, 70, 1, 81, 50, 70, 82, 81, 32, 69, 87, -100, -100, -100, 15, 1, 93, 1, 1, 1, 1, 1, 1, 1, 1, 1, 1, 1, 12, 70, 30, 81, 89, 70, 1, 1, 81, 50, 70, 82, 81, 32, 69, 87, -100, -100, -100, -100, 15, 1, 1, 93, 1, 1, 1, 1, 1, 1, 1, 1, 1, 1, 1, 12, 70, 94, 81, 89, 70, 1, 1, 1, 81, 50, 70, 82, 81, 32, 69, 87, -100, -100, -100, -100, -100, -100, 15, 1, 1, 1, 1, 93, 1, 1, 1, 1, 1, 1, 1, 1, 1, 1, 1, 12, 70, 61, 81, 89, 70, 1, 1, 1, 1, 81, 50, 70, 82, 81, 32, 69, 45, -100, -100, -100, -100, -100, -100, 42, 62, 10, 11, 80, 69, 87, -100, -100, -100, -100, -100, -100, -100, 15, 1, 1, 1, 1, 1, 93, 1, 1, 1, 1, 1, 1, 1, 1, 1, 1, 1, 12, 70, 47, 81, 89, 70, 1, 1, 1, 1, 81, 50, 70, 82, 81, 32, 69, 87, -100, -100, -100, -100, -100, -100, -100, -100, -100, -100, -100, -100, 15, 1, 1, 1, 1, 1, 1, 1, 1, 1, 1, 93, 1, 1, 1, 1, 1, 1, 1, 1, 1, 1, 1, 12, 70, 34, 81, 89, 70, 1, 1, 1, 1, 1, 81, 50, 70, 82, 81, 32, 69, 87, -100, -100, -100, -100, -100, -100, -100, -100, -100, -100, -100, -100, -100, 15, 1, 1, 1, 1, 1, 1, 1, 1, 1, 1, 1, 93, 1, 1, 1, 1, 1, 1, 1, 1, 1, 1, 1, 21, 83, -100]
Decoded Input:   SOLVE_BEGIN READ_CLAUSES READ_BEGIN [ x7 x5 -x23 ] [ x22 x3 x11 ] [ x23 -x1 -x22 ] [ -x5 x15 -x7 ] [ x11 -x9 x7 ] [ x3 x11 x24 ] [ x1 -x15 x22 ] [ -x7 -x23 x9 ] [ -x5 -x7 x3 ] [ x15 x9 x4 ] [ -x24 x3 x4 ] [ -x7 -x22 -x5 ] [ x5 x1 -x9 ] [ -x23 x9 -x5 ] [ x15 -x4 -x7 ] [ x23 -x11 x24 ] [ -x15 x3 x1 ] [ x24 -x11 x3 ] [ -x7 x22 -x1 ] [ x7 x9 x3 ] [ -x7 x22 -x4 ] [ x24 -x22 -x5 ] [ x22 x1 x9 ] [ x7 -x5 x1 ] [ -x15 x3 x22 ] [ -x22 -x4 -x7 ] [ x22 -x5 x7 ] [ x22 x15 x3 ] [ x22 -x5 x23 ] [ x3 x1 -x9 ] [ -x5 -x22 -x4 ] [ x5 x15 x11 ] [ -x11 x24 -x15 ] [ x24 x3 -x1 ] [ -x5 x24 x23 ] [ x15 -x5 -x3 ] [ -x1 -x22 -x24 ] [ x4 -x11 -x15 ] [ -x4 x11 -x1 ] [ -x15 -x7 -x11 ] [ x24 x15 x4 ] [ x22 -x1 -x9 ] [ -x22 x4 x1 ] [ x23 -x3 -x5 ] [ -x23 x24 -x1 ] [ x22 -x9 x7 ] [ x11 -x4 -x7 ] [ x1 x15 x3 ] [ x9 x3 -x5 ] READ_END CALL_UNIT_PROPAGATION READ_ASSIGNMENTS READ_BEGIN READ_END N_VARS_ASSIGNED N_VARS_TOTAL I I I I I I I I I I I WRITE_ASSIGNMENTS WRITE_BEGIN x1 WRITE_END WRITE_DECISION_LEVELS WRITE_BEGIN I WRITE_END WRITE_REASON_CLAUSES WRITE_BEGIN None WRITE_END LEVEL_UP CALL_UNIT_PROPAGATION READ_ASSIGNMENTS READ_BEGIN x1 READ_END N_VARS_ASSIGNED I N_VARS_TOTAL I I I I I I I I I I I WRITE_ASSIGNMENTS WRITE_BEGIN x3 WRITE_END WRITE_DECISION_LEVELS WRITE_BEGIN I I WRITE_END WRITE_REASON_CLAUSES WRITE_BEGIN None WRITE_END LEVEL_UP CALL_UNIT_PROPAGATION READ_ASSIGNMENTS READ_BEGIN x1 x3 READ_END N_VARS_ASSIGNED I I N_VARS_TOTAL I I I I I I I I I I I WRITE_ASSIGNMENTS WRITE_BEGIN x4 WRITE_END WRITE_DECISION_LEVELS WRITE_BEGIN I I I WRITE_END WRITE_REASON_CLAUSES WRITE_BEGIN None WRITE_END LEVEL_UP CALL_UNIT_PROPAGATION READ_ASSIGNMENTS READ_BEGIN x1 x3 x4 x11 READ_END N_VARS_ASSIGNED I I I I N_VARS_TOTAL I I I I I I I I I I I WRITE_ASSIGNMENTS WRITE_BEGIN x5 WRITE_END WRITE_DECISION_LEVELS WRITE_BEGIN I I I I WRITE_END WRITE_REASON_CLAUSES WRITE_BEGIN None WRITE_END LEVEL_UP CALL_UNIT_PROPAGATION READ_LEVEL READ_BEGIN I I I I READ_END IS UNSAT 0 CALL_ANALYZE_CONFLICT BACKTRACK CALL_UNIT_PROPAGATION READ_ASSIGNMENTS READ_BEGIN x1 x3 x4 x11 -x5 READ_END N_VARS_ASSIGNED I I I I I N_VARS_TOTAL I I I I I I I I I I I WRITE_ASSIGNMENTS WRITE_BEGIN -x7 WRITE_END WRITE_DECISION_LEVELS WRITE_BEGIN I I I I WRITE_END WRITE_REASON_CLAUSES WRITE_BEGIN None WRITE_END LEVEL_UP CALL_UNIT_PROPAGATION READ_ASSIGNMENTS READ_BEGIN x1 x3 x4 x11 -x5 -x7 -x23 -x22 x24 -x9 READ_END N_VARS_ASSIGNED I I I I I I I I I I N_VARS_TOTAL I I I I I I I I I I I WRITE_ASSIGNMENTS WRITE_BEGIN -x15 WRITE_END WRITE_DECISION_LEVELS WRITE_BEGIN I I I I I WRITE_END WRITE_REASON_CLAUSES WRITE_BEGIN None WRITE_END LEVEL_UP CALL_UNIT_PROPAGATION READ_ASSIGNMENTS READ_BEGIN x1 x3 x4 x11 -x5 -x7 -x23 -x22 x24 -x9 -x15 READ_END N_VARS_ASSIGNED I I I I I I I I I I I N_VARS_TOTAL I I I I I I I I I I I SAT SOLVE_END
Decoded Labels:  READ_CLAUSES CALL_UNIT_PROPAGATION READ_ASSIGNMENTS N_VARS_ASSIGNED N_VARS_TOTAL I I I I I I I I I I I WRITE_ASSIGNMENTS WRITE_BEGIN x1 WRITE_END WRITE_DECISION_LEVELS WRITE_BEGIN I WRITE_END WRITE_REASON_CLAUSES WRITE_BEGIN None WRITE_END LEVEL_UP CALL_UNIT_PROPAGATION READ_ASSIGNMENTS N_VARS_ASSIGNED I N_VARS_TOTAL I I I I I I I I I I I WRITE_ASSIGNMENTS WRITE_BEGIN x3 WRITE_END WRITE_DECISION_LEVELS WRITE_BEGIN I I WRITE_END WRITE_REASON_CLAUSES WRITE_BEGIN None WRITE_END LEVEL_UP CALL_UNIT_PROPAGATION READ_ASSIGNMENTS N_VARS_ASSIGNED I I N_VARS_TOTAL I I I I I I I I I I I WRITE_ASSIGNMENTS WRITE_BEGIN x4 WRITE_END WRITE_DECISION_LEVELS WRITE_BEGIN I I I WRITE_END WRITE_REASON_CLAUSES WRITE_BEGIN None WRITE_END LEVEL_UP CALL_UNIT_PROPAGATION READ_ASSIGNMENTS N_VARS_ASSIGNED I I I I N_VARS_TOTAL I I I I I I I I I I I WRITE_ASSIGNMENTS WRITE_BEGIN x5 WRITE_END WRITE_DECISION_LEVELS WRITE_BEGIN I I I I WRITE_END WRITE_REASON_CLAUSES WRITE_BEGIN None WRITE_END LEVEL_UP CALL_UNIT_PROPAGATION READ_LEVEL IS UNSAT 0 CALL_ANALYZE_CONFLICT BACKTRACK CALL_UNIT_PROPAGATION READ_ASSIGNMENTS N_VARS_ASSIGNED I I I I I N_VARS_TOTAL I I I I I I I I I I I WRITE_ASSIGNMENTS WRITE_BEGIN -x7 WRITE_END WRITE_DECISION_LEVELS WRITE_BEGIN I I I I WRITE_END WRITE_REASON_CLAUSES WRITE_BEGIN None WRITE_END LEVEL_UP CALL_UNIT_PROPAGATION READ_ASSIGNMENTS N_VARS_ASSIGNED I I I I I I I I I I N_VARS_TOTAL I I I I I I I I I I I WRITE_ASSIGNMENTS WRITE_BEGIN -x15 WRITE_END WRITE_DECISION_LEVELS WRITE_BEGIN I I I I I WRITE_END WRITE_REASON_CLAUSES WRITE_BEGIN None WRITE_END LEVEL_UP CALL_UNIT_PROPAGATION READ_ASSIGNMENTS N_VARS_ASSIGNED I I I I I I I I I I I N_VARS_TOTAL I I I I I I I I I I I SAT SOLVE_END


Example 2:
Input IDs:       [54, 75, 55, 88, 6, 61, 51, 38, 88, 57, 30, 33, 38, 88, 72, 36, 65, 38, 88, 44, 78, 47, 38, 88, 33, 60, 6, 38, 88, 30, 33, 41, 38, 88, 28, 34, 57, 38, 88, 47, 51, 0, 38, 88, 44, 47, 30, 38, 88, 78, 0, 94, 38, 88, 48, 30, 94, 38, 88, 47, 65, 44, 38, 88, 61, 28, 60, 38, 88, 51, 0, 44, 38, 88, 78, 19, 47, 38, 88, 72, 16, 41, 38, 88, 34, 30, 28, 38, 88, 41, 16, 30, 38, 88, 47, 57, 36, 38, 88, 6, 0, 30, 38, 88, 47, 57, 19, 38, 88, 41, 65, 44, 38, 88, 57, 28, 0, 38, 88, 6, 44, 28, 38, 88, 34, 30, 57, 38, 88, 65, 19, 47, 38, 88, 57, 44, 6, 38, 88, 57, 78, 30, 38, 88, 57, 44, 72, 38, 88, 30, 28, 60, 38, 88, 44, 65, 19, 38, 88, 61, 78, 33, 38, 88, 16, 41, 34, 38, 88, 41, 30, 36, 38, 88, 44, 41, 72, 38, 88, 78, 44, 73, 38, 88, 36, 65, 48, 38, 88, 94, 16, 34, 38, 88, 19, 33, 36, 38, 88, 34, 47, 16, 38, 88, 41, 78, 94, 38, 88, 57, 36, 60, 38, 88, 65, 94, 28, 38, 88, 72, 73, 44, 38, 88, 51, 41, 36, 38, 88, 57, 60, 6, 38, 88, 33, 19, 47, 38, 88, 28, 78, 30, 38, 88, 0, 30, 44, 38, 99, 27, 55, 99, 87, 55, 99, 43, 10, 56]
Attention Mask:  [1, 1, 1, 1, 1, 1, 1, 1, 1, 1, 1, 1, 1, 1, 1, 1, 1, 1, 1, 1, 1, 1, 1, 1, 1, 1, 1, 1, 1, 1, 1, 1, 1, 1, 1, 1, 1, 1, 1, 1, 1, 1, 1, 1, 1, 1, 1, 1, 1, 1, 1, 1, 1, 1, 1, 1, 1, 1, 1, 1, 1, 1, 1, 1, 1, 1, 1, 1, 1, 1, 1, 1, 1, 1, 1, 1, 1, 1, 1, 1, 1, 1, 1, 1, 1, 1, 1, 1, 1, 1, 1, 1, 1, 1, 1, 1, 1, 1, 1, 1, 1, 1, 1, 1, 1, 1, 1, 1, 1, 1, 1, 1, 1, 1, 1, 1, 1, 1, 1, 1, 1, 1, 1, 1, 1, 1, 1, 1, 1, 1, 1, 1, 1, 1, 1, 1, 1, 1, 1, 1, 1, 1, 1, 1, 1, 1, 1, 1, 1, 1, 1, 1, 1, 1, 1, 1, 1, 1, 1, 1, 1, 1, 1, 1, 1, 1, 1, 1, 1, 1, 1, 1, 1, 1, 1, 1, 1, 1, 1, 1, 1, 1, 1, 1, 1, 1, 1, 1, 1, 1, 1, 1, 1, 1, 1, 1, 1, 1, 1, 1, 1, 1, 1, 1, 1, 1, 1, 1, 1, 1, 1, 1, 1, 1, 1, 1, 1, 1, 1, 1, 1, 1, 1, 1, 1, 1, 1, 1, 1, 1, 1, 1, 1, 1, 1, 1, 1, 1, 1, 1, 1, 1, 1, 1, 1, 1, 1, 1, 1, 1, 1, 1, 1, 1, 1, 1, 1, 1]
Labels:          [75, -100, -100, -100, -100, -100, -100, -100, -100, -100, -100, -100, -100, -100, -100, -100, -100, -100, -100, -100, -100, -100, -100, -100, -100, -100, -100, -100, -100, -100, -100, -100, -100, -100, -100, -100, -100, -100, -100, -100, -100, -100, -100, -100, -100, -100, -100, -100, -100, -100, -100, -100, -100, -100, -100, -100, -100, -100, -100, -100, -100, -100, -100, -100, -100, -100, -100, -100, -100, -100, -100, -100, -100, -100, -100, -100, -100, -100, -100, -100, -100, -100, -100, -100, -100, -100, -100, -100, -100, -100, -100, -100, -100, -100, -100, -100, -100, -100, -100, -100, -100, -100, -100, -100, -100, -100, -100, -100, -100, -100, -100, -100, -100, -100, -100, -100, -100, -100, -100, -100, -100, -100, -100, -100, -100, -100, -100, -100, -100, -100, -100, -100, -100, -100, -100, -100, -100, -100, -100, -100, -100, -100, -100, -100, -100, -100, -100, -100, -100, -100, -100, -100, -100, -100, -100, -100, -100, -100, -100, -100, -100, -100, -100, -100, -100, -100, -100, -100, -100, -100, -100, -100, -100, -100, -100, -100, -100, -100, -100, -100, -100, -100, -100, -100, -100, -100, -100, -100, -100, -100, -100, -100, -100, -100, -100, -100, -100, -100, -100, -100, -100, -100, -100, -100, -100, -100, -100, -100, -100, -100, -100, -100, -100, -100, -100, -100, -100, -100, -100, -100, -100, -100, -100, -100, -100, -100, -100, -100, -100, -100, -100, -100, -100, -100, -100, -100, -100, -100, -100, -100, -100, -100, -100, -100, -100, -100, -100, -100, 27, -100, -100, 87, -100, -100, 43, 10, 56, -100]
Decoded Input:   UNIT_PROPAGATION_BEGIN READ_CLAUSES READ_BEGIN [ x7 x5 -x23 ] [ x22 x3 x11 ] [ x23 -x1 -x22 ] [ -x5 x15 -x7 ] [ x11 -x9 x7 ] [ x3 x11 x24 ] [ x1 -x15 x22 ] [ -x7 -x23 x9 ] [ -x5 -x7 x3 ] [ x15 x9 x4 ] [ -x24 x3 x4 ] [ -x7 -x22 -x5 ] [ x5 x1 -x9 ] [ -x23 x9 -x5 ] [ x15 -x4 -x7 ] [ x23 -x11 x24 ] [ -x15 x3 x1 ] [ x24 -x11 x3 ] [ -x7 x22 -x1 ] [ x7 x9 x3 ] [ -x7 x22 -x4 ] [ x24 -x22 -x5 ] [ x22 x1 x9 ] [ x7 -x5 x1 ] [ -x15 x3 x22 ] [ -x22 -x4 -x7 ] [ x22 -x5 x7 ] [ x22 x15 x3 ] [ x22 -x5 x23 ] [ x3 x1 -x9 ] [ -x5 -x22 -x4 ] [ x5 x15 x11 ] [ -x11 x24 -x15 ] [ x24 x3 -x1 ] [ -x5 x24 x23 ] [ x15 -x5 -x3 ] [ -x1 -x22 -x24 ] [ x4 -x11 -x15 ] [ -x4 x11 -x1 ] [ -x15 -x7 -x11 ] [ x24 x15 x4 ] [ x22 -x1 -x9 ] [ -x22 x4 x1 ] [ x23 -x3 -x5 ] [ -x23 x24 -x1 ] [ x22 -x9 x7 ] [ x11 -x4 -x7 ] [ x1 x15 x3 ] [ x9 x3 -x5 ] READ_END READ_LEARNED_CLAUSES READ_BEGIN READ_END READ_ASSIGNMENTS READ_BEGIN READ_END PROPAGATED 0 UNIT_PROPAGATION_END
Decoded Labels:  READ_CLAUSES READ_LEARNED_CLAUSES READ_ASSIGNMENTS PROPAGATED 0 UNIT_PROPAGATION_END


Example 3:
Input IDs:       [54, 75, 55, 88, 6, 61, 51, 38, 88, 57, 30, 33, 38, 88, 72, 36, 65, 38, 88, 44, 78, 47, 38, 88, 33, 60, 6, 38, 88, 30, 33, 41, 38, 88, 28, 34, 57, 38, 88, 47, 51, 0, 38, 88, 44, 47, 30, 38, 88, 78, 0, 94, 38, 88, 48, 30, 94, 38, 88, 47, 65, 44, 38, 88, 61, 28, 60, 38, 88, 51, 0, 44, 38, 88, 78, 19, 47, 38, 88, 72, 16, 41, 38, 88, 34, 30, 28, 38, 88, 41, 16, 30, 38, 88, 47, 57, 36, 38, 88, 6, 0, 30, 38, 88, 47, 57, 19, 38, 88, 41, 65, 44, 38, 88, 57, 28, 0, 38, 88, 6, 44, 28, 38, 88, 34, 30, 57, 38, 88, 65, 19, 47, 38, 88, 57, 44, 6, 38, 88, 57, 78, 30, 38, 88, 57, 44, 72, 38, 88, 30, 28, 60, 38, 88, 44, 65, 19, 38, 88, 61, 78, 33, 38, 88, 16, 41, 34, 38, 88, 41, 30, 36, 38, 88, 44, 41, 72, 38, 88, 78, 44, 73, 38, 88, 36, 65, 48, 38, 88, 94, 16, 34, 38, 88, 19, 33, 36, 38, 88, 34, 47, 16, 38, 88, 41, 78, 94, 38, 88, 57, 36, 60, 38, 88, 65, 94, 28, 38, 88, 72, 73, 44, 38, 88, 51, 41, 36, 38, 88, 57, 60, 6, 38, 88, 33, 19, 47, 38, 88, 28, 78, 30, 38, 88, 0, 30, 44, 38, 99, 27, 55, 99, 87, 55, 28, 99, 43, 10, 56]
Attention Mask:  [1, 1, 1, 1, 1, 1, 1, 1, 1, 1, 1, 1, 1, 1, 1, 1, 1, 1, 1, 1, 1, 1, 1, 1, 1, 1, 1, 1, 1, 1, 1, 1, 1, 1, 1, 1, 1, 1, 1, 1, 1, 1, 1, 1, 1, 1, 1, 1, 1, 1, 1, 1, 1, 1, 1, 1, 1, 1, 1, 1, 1, 1, 1, 1, 1, 1, 1, 1, 1, 1, 1, 1, 1, 1, 1, 1, 1, 1, 1, 1, 1, 1, 1, 1, 1, 1, 1, 1, 1, 1, 1, 1, 1, 1, 1, 1, 1, 1, 1, 1, 1, 1, 1, 1, 1, 1, 1, 1, 1, 1, 1, 1, 1, 1, 1, 1, 1, 1, 1, 1, 1, 1, 1, 1, 1, 1, 1, 1, 1, 1, 1, 1, 1, 1, 1, 1, 1, 1, 1, 1, 1, 1, 1, 1, 1, 1, 1, 1, 1, 1, 1, 1, 1, 1, 1, 1, 1, 1, 1, 1, 1, 1, 1, 1, 1, 1, 1, 1, 1, 1, 1, 1, 1, 1, 1, 1, 1, 1, 1, 1, 1, 1, 1, 1, 1, 1, 1, 1, 1, 1, 1, 1, 1, 1, 1, 1, 1, 1, 1, 1, 1, 1, 1, 1, 1, 1, 1, 1, 1, 1, 1, 1, 1, 1, 1, 1, 1, 1, 1, 1, 1, 1, 1, 1, 1, 1, 1, 1, 1, 1, 1, 1, 1, 1, 1, 1, 1, 1, 1, 1, 1, 1, 1, 1, 1, 1, 1, 1, 1, 1, 1, 1, 1, 1, 1, 1, 1, 1, 1]
Labels:          [75, -100, -100, -100, -100, -100, -100, -100, -100, -100, -100, -100, -100, -100, -100, -100, -100, -100, -100, -100, -100, -100, -100, -100, -100, -100, -100, -100, -100, -100, -100, -100, -100, -100, -100, -100, -100, -100, -100, -100, -100, -100, -100, -100, -100, -100, -100, -100, -100, -100, -100, -100, -100, -100, -100, -100, -100, -100, -100, -100, -100, -100, -100, -100, -100, -100, -100, -100, -100, -100, -100, -100, -100, -100, -100, -100, -100, -100, -100, -100, -100, -100, -100, -100, -100, -100, -100, -100, -100, -100, -100, -100, -100, -100, -100, -100, -100, -100, -100, -100, -100, -100, -100, -100, -100, -100, -100, -100, -100, -100, -100, -100, -100, -100, -100, -100, -100, -100, -100, -100, -100, -100, -100, -100, -100, -100, -100, -100, -100, -100, -100, -100, -100, -100, -100, -100, -100, -100, -100, -100, -100, -100, -100, -100, -100, -100, -100, -100, -100, -100, -100, -100, -100, -100, -100, -100, -100, -100, -100, -100, -100, -100, -100, -100, -100, -100, -100, -100, -100, -100, -100, -100, -100, -100, -100, -100, -100, -100, -100, -100, -100, -100, -100, -100, -100, -100, -100, -100, -100, -100, -100, -100, -100, -100, -100, -100, -100, -100, -100, -100, -100, -100, -100, -100, -100, -100, -100, -100, -100, -100, -100, -100, -100, -100, -100, -100, -100, -100, -100, -100, -100, -100, -100, -100, -100, -100, -100, -100, -100, -100, -100, -100, -100, -100, -100, -100, -100, -100, -100, -100, -100, -100, -100, -100, -100, -100, -100, -100, 27, -100, -100, 87, -100, -100, -100, 43, 10, 56, -100]
Decoded Input:   UNIT_PROPAGATION_BEGIN READ_CLAUSES READ_BEGIN [ x7 x5 -x23 ] [ x22 x3 x11 ] [ x23 -x1 -x22 ] [ -x5 x15 -x7 ] [ x11 -x9 x7 ] [ x3 x11 x24 ] [ x1 -x15 x22 ] [ -x7 -x23 x9 ] [ -x5 -x7 x3 ] [ x15 x9 x4 ] [ -x24 x3 x4 ] [ -x7 -x22 -x5 ] [ x5 x1 -x9 ] [ -x23 x9 -x5 ] [ x15 -x4 -x7 ] [ x23 -x11 x24 ] [ -x15 x3 x1 ] [ x24 -x11 x3 ] [ -x7 x22 -x1 ] [ x7 x9 x3 ] [ -x7 x22 -x4 ] [ x24 -x22 -x5 ] [ x22 x1 x9 ] [ x7 -x5 x1 ] [ -x15 x3 x22 ] [ -x22 -x4 -x7 ] [ x22 -x5 x7 ] [ x22 x15 x3 ] [ x22 -x5 x23 ] [ x3 x1 -x9 ] [ -x5 -x22 -x4 ] [ x5 x15 x11 ] [ -x11 x24 -x15 ] [ x24 x3 -x1 ] [ -x5 x24 x23 ] [ x15 -x5 -x3 ] [ -x1 -x22 -x24 ] [ x4 -x11 -x15 ] [ -x4 x11 -x1 ] [ -x15 -x7 -x11 ] [ x24 x15 x4 ] [ x22 -x1 -x9 ] [ -x22 x4 x1 ] [ x23 -x3 -x5 ] [ -x23 x24 -x1 ] [ x22 -x9 x7 ] [ x11 -x4 -x7 ] [ x1 x15 x3 ] [ x9 x3 -x5 ] READ_END READ_LEARNED_CLAUSES READ_BEGIN READ_END READ_ASSIGNMENTS READ_BEGIN x1 READ_END PROPAGATED 0 UNIT_PROPAGATION_END
Decoded Labels:  READ_CLAUSES READ_LEARNED_CLAUSES READ_ASSIGNMENTS PROPAGATED 0 UNIT_PROPAGATION_END

[TRAIN] Mean: 325.60, Min: 82, Max: 1962