
--- Debug info for split: ood ---

Example 1:
Input IDs:       [4, 75, 55, 88, 14, 46, 51, 38, 88, 24, 94, 57, 38, 88, 64, 51, 36, 38, 88, 31, 97, 8, 38, 88, 20, 98, 29, 38, 88, 61, 19, 5, 38, 88, 30, 68, 24, 38, 88, 59, 51, 78, 38, 88, 97, 59, 94, 38, 88, 8, 78, 20, 38, 88, 37, 94, 20, 38, 88, 74, 35, 97, 38, 88, 46, 30, 29, 38, 88, 65, 53, 60, 38, 88, 8, 47, 74, 38, 88, 57, 98, 37, 38, 88, 64, 25, 94, 38, 88, 20, 31, 94, 38, 88, 74, 24, 36, 38, 88, 14, 53, 61, 38, 88, 74, 63, 22, 38, 88, 52, 64, 60, 38, 88, 63, 28, 53, 38, 88, 23, 97, 30, 38, 88, 25, 94, 24, 38, 88, 35, 22, 74, 38, 88, 24, 60, 23, 38, 88, 63, 8, 61, 38, 88, 24, 46, 65, 38, 88, 97, 94, 30, 38, 88, 84, 60, 35, 38, 88, 25, 46, 52, 38, 88, 98, 34, 52, 38, 88, 52, 61, 73, 38, 88, 97, 0, 72, 38, 88, 8, 97, 19, 38, 88, 73, 35, 36, 38, 88, 20, 31, 25, 38, 88, 22, 76, 36, 38, 88, 68, 59, 31, 38, 88, 84, 47, 60, 38, 88, 24, 73, 29, 38, 88, 64, 20, 30, 38, 88, 72, 19, 97, 38, 88, 65, 72, 73, 38, 88, 63, 29, 14, 38, 88, 76, 47, 59, 38, 88, 36, 8, 57, 38, 88, 74, 47, 78, 38, 88, 22, 68, 35, 38, 88, 37, 64, 36, 38, 88, 61, 6, 74, 38, 88, 74, 23, 60, 38, 88, 14, 64, 84, 38, 88, 52, 98, 14, 38, 88, 74, 20, 8, 38, 88, 94, 6, 35, 38, 88, 98, 47, 73, 38, 88, 73, 34, 0, 38, 88, 35, 98, 6, 38, 88, 20, 31, 36, 38, 88, 98, 97, 14, 38, 88, 30, 25, 46, 38, 88, 97, 52, 28, 38, 88, 19, 14, 34, 38, 88, 24, 29, 28, 38, 88, 74, 30, 44, 38, 88, 98, 51, 63, 38, 88, 73, 31, 36, 38, 88, 0, 34, 98, 38, 88, 29, 44, 23, 38, 88, 23, 35, 6, 38, 88, 20, 51, 57, 38, 88, 59, 60, 98, 38, 88, 68, 37, 60, 38, 88, 22, 19, 23, 38, 88, 97, 23, 52, 38, 88, 84, 51, 19, 38, 88, 76, 25, 52, 38, 88, 61, 31, 97, 38, 88, 73, 24, 46, 38, 99, 69, 87, 55, 99, 15, 93, 1, 1, 1, 1, 1, 1, 1, 1, 1, 1, 1, 1, 1, 1, 1, 1, 1, 1, 1, 1, 1, 12, 70, 36, 81, 89, 70, 1, 81, 50, 70, 82, 81, 32, 69, 87, 55, 36, 99, 15, 1, 93, 1, 1, 1, 1, 1, 1, 1, 1, 1, 1, 1, 1, 1, 1, 1, 1, 1, 1, 1, 1, 1, 12, 70, 30, 81, 89, 70, 1, 1, 81, 50, 70, 82, 81, 32, 69, 87, 55, 36, 30, 99, 15, 1, 1, 93, 1, 1, 1, 1, 1, 1, 1, 1, 1, 1, 1, 1, 1, 1, 1, 1, 1, 1, 1, 1, 1, 12, 70, 94, 81, 89, 70, 1, 1, 1, 81, 50, 70, 82, 81, 32, 69, 87, 55, 36, 30, 94, 99, 15, 1, 1, 1, 93, 1, 1, 1, 1, 1, 1, 1, 1, 1, 1, 1, 1, 1, 1, 1, 1, 1, 1, 1, 1, 1, 12, 70, 44, 81, 89, 70, 1, 1, 1, 1, 81, 50, 70, 82, 81, 32, 69, 87, 55, 36, 30, 94, 44, 5, 52, 99, 15, 1, 1, 1, 1, 1, 1, 93, 1, 1, 1, 1, 1, 1, 1, 1, 1, 1, 1, 1, 1, 1, 1, 1, 1, 1, 1, 1, 1, 12, 70, 6, 81, 89, 70, 1, 1, 1, 1, 1, 81, 50, 70, 82, 81, 32, 69, 45, 55, 1, 1, 1, 1, 1, 99, 42, 62, 10, 11, 80, 69, 87, 55, 36, 30, 94, 44, 5, 52, 47, 74, 34, 53, 24, 63, 84, 98, 23, 97, 51, 20, 68, 65, 99, 15, 1, 1, 1, 1, 1, 1, 1, 1, 1, 1, 1, 1, 1, 1, 1, 1, 1, 1, 1, 1, 93, 1, 1, 1, 1, 1, 1, 1, 1, 1, 1, 1, 1, 1, 1, 1, 1, 1, 1, 1, 1, 1, 12, 70, 0, 81, 89, 70, 1, 1, 1, 1, 1, 81, 50, 70, 82, 81, 32, 69, 87, 55, 36, 30, 94, 44, 5, 52, 47, 74, 34, 53, 24, 63, 84, 98, 23, 97, 51, 20, 68, 65, 0, 99, 15, 1, 1, 1, 1, 1, 1, 1, 1, 1, 1, 1, 1, 1, 1, 1, 1, 1, 1, 1, 1, 1, 93, 1, 1, 1, 1, 1, 1, 1, 1, 1, 1, 1, 1, 1, 1, 1, 1, 1, 1, 1, 1, 1, 21, 83]
Attention Mask:  [1, 1, 1, 1, 1, 1, 1, 1, 1, 1, 1, 1, 1, 1, 1, 1, 1, 1, 1, 1, 1, 1, 1, 1, 1, 1, 1, 1, 1, 1, 1, 1, 1, 1, 1, 1, 1, 1, 1, 1, 1, 1, 1, 1, 1, 1, 1, 1, 1, 1, 1, 1, 1, 1, 1, 1, 1, 1, 1, 1, 1, 1, 1, 1, 1, 1, 1, 1, 1, 1, 1, 1, 1, 1, 1, 1, 1, 1, 1, 1, 1, 1, 1, 1, 1, 1, 1, 1, 1, 1, 1, 1, 1, 1, 1, 1, 1, 1, 1, 1, 1, 1, 1, 1, 1, 1, 1, 1, 1, 1, 1, 1, 1, 1, 1, 1, 1, 1, 1, 1, 1, 1, 1, 1, 1, 1, 1, 1, 1, 1, 1, 1, 1, 1, 1, 1, 1, 1, 1, 1, 1, 1, 1, 1, 1, 1, 1, 1, 1, 1, 1, 1, 1, 1, 1, 1, 1, 1, 1, 1, 1, 1, 1, 1, 1, 1, 1, 1, 1, 1, 1, 1, 1, 1, 1, 1, 1, 1, 1, 1, 1, 1, 1, 1, 1, 1, 1, 1, 1, 1, 1, 1, 1, 1, 1, 1, 1, 1, 1, 1, 1, 1, 1, 1, 1, 1, 1, 1, 1, 1, 1, 1, 1, 1, 1, 1, 1, 1, 1, 1, 1, 1, 1, 1, 1, 1, 1, 1, 1, 1, 1, 1, 1, 1, 1, 1, 1, 1, 1, 1, 1, 1, 1, 1, 1, 1, 1, 1, 1, 1, 1, 1, 1, 1, 1, 1, 1, 1, 1, 1, 1, 1, 1, 1, 1, 1, 1, 1, 1, 1, 1, 1, 1, 1, 1, 1, 1, 1, 1, 1, 1, 1, 1, 1, 1, 1, 1, 1, 1, 1, 1, 1, 1, 1, 1, 1, 1, 1, 1, 1, 1, 1, 1, 1, 1, 1, 1, 1, 1, 1, 1, 1, 1, 1, 1, 1, 1, 1, 1, 1, 1, 1, 1, 1, 1, 1, 1, 1, 1, 1, 1, 1, 1, 1, 1, 1, 1, 1, 1, 1, 1, 1, 1, 1, 1, 1, 1, 1, 1, 1, 1, 1, 1, 1, 1, 1, 1, 1, 1, 1, 1, 1, 1, 1, 1, 1, 1, 1, 1, 1, 1, 1, 1, 1, 1, 1, 1, 1, 1, 1, 1, 1, 1, 1, 1, 1, 1, 1, 1, 1, 1, 1, 1, 1, 1, 1, 1, 1, 1, 1, 1, 1, 1, 1, 1, 1, 1, 1, 1, 1, 1, 1, 1, 1, 1, 1, 1, 1, 1, 1, 1, 1, 1, 1, 1, 1, 1, 1, 1, 1, 1, 1, 1, 1, 1, 1, 1, 1, 1, 1, 1, 1, 1, 1, 1, 1, 1, 1, 1, 1, 1, 1, 1, 1, 1, 1, 1, 1, 1, 1, 1, 1, 1, 1, 1, 1, 1, 1, 1, 1, 1, 1, 1, 1, 1, 1, 1, 1, 1, 1, 1, 1, 1, 1, 1, 1, 1, 1, 1, 1, 1, 1, 1, 1, 1, 1, 1, 1, 1, 1, 1, 1, 1, 1, 1, 1, 1, 1, 1, 1, 1, 1, 1, 1, 1, 1, 1, 1, 1, 1, 1, 1, 1, 1, 1, 1, 1, 1, 1, 1, 1, 1, 1, 1, 1, 1, 1, 1, 1, 1, 1, 1, 1, 1, 1, 1, 1, 1, 1, 1, 1, 1, 1, 1, 1, 1, 1, 1, 1, 1, 1, 1, 1, 1, 1, 1, 1, 1, 1, 1, 1, 1, 1, 1, 1, 1, 1, 1, 1, 1, 1, 1, 1, 1, 1, 1, 1, 1, 1, 1, 1, 1, 1, 1, 1, 1, 1, 1, 1, 1, 1, 1, 1, 1, 1, 1, 1, 1, 1, 1, 1, 1, 1, 1, 1, 1, 1, 1, 1, 1, 1, 1, 1, 1, 1, 1, 1, 1, 1, 1, 1, 1, 1, 1, 1, 1, 1, 1, 1, 1, 1, 1, 1, 1, 1, 1, 1, 1, 1, 1, 1, 1, 1, 1, 1, 1, 1, 1, 1, 1, 1, 1, 1, 1, 1, 1, 1, 1, 1, 1, 1, 1, 1, 1, 1, 1, 1, 1, 1, 1, 1, 1, 1, 1, 1, 1, 1, 1, 1, 1, 1, 1, 1, 1, 1, 1, 1, 1, 1, 1, 1, 1, 1, 1, 1, 1, 1, 1, 1, 1, 1, 1, 1, 1, 1, 1, 1, 1, 1, 1, 1, 1, 1, 1, 1, 1, 1, 1, 1, 1, 1, 1, 1, 1, 1, 1, 1, 1, 1, 1, 1, 1, 1, 1, 1, 1, 1, 1, 1, 1, 1, 1, 1, 1, 1, 1, 1, 1, 1, 1, 1, 1, 1, 1, 1, 1, 1, 1, 1, 1, 1, 1, 1, 1, 1, 1, 1, 1, 1, 1, 1, 1, 1, 1, 1, 1, 1, 1, 1, 1, 1, 1, 1, 1, 1, 1, 1, 1, 1, 1, 1, 1, 1, 1, 1, 1, 1, 1, 1, 1, 1, 1]
Labels:          [75, -100, -100, -100, -100, -100, -100, -100, -100, -100, -100, -100, -100, -100, -100, -100, -100, -100, -100, -100, -100, -100, -100, -100, -100, -100, -100, -100, -100, -100, -100, -100, -100, -100, -100, -100, -100, -100, -100, -100, -100, -100, -100, -100, -100, -100, -100, -100, -100, -100, -100, -100, -100, -100, -100, -100, -100, -100, -100, -100, -100, -100, -100, -100, -100, -100, -100, -100, -100, -100, -100, -100, -100, -100, -100, -100, -100, -100, -100, -100, -100, -100, -100, -100, -100, -100, -100, -100, -100, -100, -100, -100, -100, -100, -100, -100, -100, -100, -100, -100, -100, -100, -100, -100, -100, -100, -100, -100, -100, -100, -100, -100, -100, -100, -100, -100, -100, -100, -100, -100, -100, -100, -100, -100, -100, -100, -100, -100, -100, -100, -100, -100, -100, -100, -100, -100, -100, -100, -100, -100, -100, -100, -100, -100, -100, -100, -100, -100, -100, -100, -100, -100, -100, -100, -100, -100, -100, -100, -100, -100, -100, -100, -100, -100, -100, -100, -100, -100, -100, -100, -100, -100, -100, -100, -100, -100, -100, -100, -100, -100, -100, -100, -100, -100, -100, -100, -100, -100, -100, -100, -100, -100, -100, -100, -100, -100, -100, -100, -100, -100, -100, -100, -100, -100, -100, -100, -100, -100, -100, -100, -100, -100, -100, -100, -100, -100, -100, -100, -100, -100, -100, -100, -100, -100, -100, -100, -100, -100, -100, -100, -100, -100, -100, -100, -100, -100, -100, -100, -100, -100, -100, -100, -100, -100, -100, -100, -100, -100, -100, -100, -100, -100, -100, -100, -100, -100, -100, -100, -100, -100, -100, -100, -100, -100, -100, -100, -100, -100, -100, -100, -100, -100, -100, -100, -100, -100, -100, -100, -100, -100, -100, -100, -100, -100, -100, -100, -100, -100, -100, -100, -100, -100, -100, -100, -100, -100, -100, -100, -100, -100, -100, -100, -100, -100, -100, -100, -100, -100, -100, -100, -100, -100, -100, -100, -100, -100, -100, -100, -100, -100, -100, -100, -100, -100, -100, -100, -100, -100, -100, -100, -100, -100, -100, -100, -100, -100, -100, -100, -100, -100, -100, -100, -100, -100, -100, -100, -100, -100, -100, -100, -100, -100, -100, -100, -100, -100, -100, -100, -100, -100, -100, -100, -100, -100, -100, -100, -100, -100, -100, -100, -100, -100, -100, -100, -100, -100, -100, -100, -100, -100, -100, -100, -100, -100, -100, -100, -100, -100, -100, -100, -100, -100, -100, -100, -100, -100, -100, -100, -100, -100, -100, -100, -100, -100, -100, -100, -100, -100, 69, 87, -100, -100, 15, 93, 1, 1, 1, 1, 1, 1, 1, 1, 1, 1, 1, 1, 1, 1, 1, 1, 1, 1, 1, 1, 1, 12, 70, 36, 81, 89, 70, 1, 81, 50, 70, 82, 81, 32, 69, 87, -100, -100, -100, 15, 1, 93, 1, 1, 1, 1, 1, 1, 1, 1, 1, 1, 1, 1, 1, 1, 1, 1, 1, 1, 1, 1, 1, 12, 70, 30, 81, 89, 70, 1, 1, 81, 50, 70, 82, 81, 32, 69, 87, -100, -100, -100, -100, 15, 1, 1, 93, 1, 1, 1, 1, 1, 1, 1, 1, 1, 1, 1, 1, 1, 1, 1, 1, 1, 1, 1, 1, 1, 12, 70, 94, 81, 89, 70, 1, 1, 1, 81, 50, 70, 82, 81, 32, 69, 87, -100, -100, -100, -100, -100, 15, 1, 1, 1, 93, 1, 1, 1, 1, 1, 1, 1, 1, 1, 1, 1, 1, 1, 1, 1, 1, 1, 1, 1, 1, 1, 12, 70, 44, 81, 89, 70, 1, 1, 1, 1, 81, 50, 70, 82, 81, 32, 69, 87, -100, -100, -100, -100, -100, -100, -100, -100, 15, 1, 1, 1, 1, 1, 1, 93, 1, 1, 1, 1, 1, 1, 1, 1, 1, 1, 1, 1, 1, 1, 1, 1, 1, 1, 1, 1, 1, 12, 70, 6, 81, 89, 70, 1, 1, 1, 1, 1, 81, 50, 70, 82, 81, 32, 69, 45, -100, -100, -100, -100, -100, -100, -100, 42, 62, 10, 11, 80, 69, 87, -100, -100, -100, -100, -100, -100, -100, -100, -100, -100, -100, -100, -100, -100, -100, -100, -100, -100, -100, -100, -100, -100, 15, 1, 1, 1, 1, 1, 1, 1, 1, 1, 1, 1, 1, 1, 1, 1, 1, 1, 1, 1, 1, 93, 1, 1, 1, 1, 1, 1, 1, 1, 1, 1, 1, 1, 1, 1, 1, 1, 1, 1, 1, 1, 1, 12, 70, 0, 81, 89, 70, 1, 1, 1, 1, 1, 81, 50, 70, 82, 81, 32, 69, 87, -100, -100, -100, -100, -100, -100, -100, -100, -100, -100, -100, -100, -100, -100, -100, -100, -100, -100, -100, -100, -100, -100, -100, 15, 1, 1, 1, 1, 1, 1, 1, 1, 1, 1, 1, 1, 1, 1, 1, 1, 1, 1, 1, 1, 1, 93, 1, 1, 1, 1, 1, 1, 1, 1, 1, 1, 1, 1, 1, 1, 1, 1, 1, 1, 1, 1, 1, 21, 83, -100]
Decoded Input:   SOLVE_BEGIN READ_CLAUSES READ_BEGIN [ x12 x10 -x23 ] [ x21 x4 x22 ] [ -x20 -x23 -x1 ] [ -x17 -x10 x18 ] [ x8 x17 -x14 ] [ x5 -x4 -x16 ] [ x3 -x18 x21 ] [ -x13 -x23 x15 ] [ -x10 -x13 x4 ] [ x18 x15 x8 ] [ -x25 x4 x8 ] [ -x12 -x21 -x10 ] [ x10 x3 -x14 ] [ -x22 x14 -x9 ] [ x18 -x7 -x12 ] [ x22 x17 -x25 ] [ -x20 -x19 x4 ] [ x8 -x17 x4 ] [ -x12 x21 -x1 ] [ x12 x14 x5 ] [ -x12 x20 -x8 ] [ x25 -x20 -x9 ] [ x20 x1 x14 ] [ x13 -x10 x3 ] [ -x19 x4 x21 ] [ -x21 -x8 -x12 ] [ x21 -x9 x13 ] [ x20 x18 x5 ] [ x21 x10 -x22 ] [ -x10 x4 x3 ] [ x19 -x9 -x21 ] [ -x19 x10 x25 ] [ x17 -x15 x25 ] [ x25 x5 -x3 ] [ -x10 x9 x23 ] [ x18 -x10 -x4 ] [ -x3 -x21 -x1 ] [ x8 -x17 -x19 ] [ -x8 x16 -x1 ] [ -x18 -x13 -x17 ] [ x19 -x7 -x9 ] [ x21 -x3 -x14 ] [ -x20 x8 x3 ] [ x23 -x4 -x10 ] [ -x22 x23 -x3 ] [ x20 -x14 x12 ] [ x16 -x7 -x13 ] [ -x1 x18 x22 ] [ -x12 -x7 x15 ] [ -x8 -x18 -x21 ] [ -x25 -x20 -x1 ] [ x5 x7 -x12 ] [ -x12 x13 -x9 ] [ x12 -x20 x19 ] [ x25 x17 x12 ] [ -x12 x8 x18 ] [ x4 x7 -x21 ] [ x17 -x7 -x3 ] [ -x3 -x15 x9 ] [ -x21 x17 x7 ] [ x8 -x17 -x1 ] [ x17 -x10 x12 ] [ x3 -x19 x10 ] [ -x10 x25 x1 ] [ -x4 x12 -x15 ] [ x21 -x14 x1 ] [ -x12 x3 -x5 ] [ x17 -x23 x20 ] [ -x3 -x17 -x1 ] [ x9 -x15 x17 ] [ -x14 -x5 x13 ] [ x13 -x21 x7 ] [ x8 -x23 x22 ] [ -x13 -x9 x17 ] [ -x18 -x25 -x9 ] [ -x8 -x4 x13 ] [ -x10 x13 x25 ] [ x19 -x23 -x4 ] [ x16 -x19 x25 ] [ x5 -x17 -x10 ] [ -x3 x21 x10 ] READ_END CALL_UNIT_PROPAGATION READ_ASSIGNMENTS READ_BEGIN READ_END N_VARS_ASSIGNED N_VARS_TOTAL I I I I I I I I I I I I I I I I I I I I I WRITE_ASSIGNMENTS WRITE_BEGIN -x1 WRITE_END WRITE_DECISION_LEVELS WRITE_BEGIN I WRITE_END WRITE_REASON_CLAUSES WRITE_BEGIN None WRITE_END LEVEL_UP CALL_UNIT_PROPAGATION READ_ASSIGNMENTS READ_BEGIN -x1 READ_END N_VARS_ASSIGNED I N_VARS_TOTAL I I I I I I I I I I I I I I I I I I I I I WRITE_ASSIGNMENTS WRITE_BEGIN x3 WRITE_END WRITE_DECISION_LEVELS WRITE_BEGIN I I WRITE_END WRITE_REASON_CLAUSES WRITE_BEGIN None WRITE_END LEVEL_UP CALL_UNIT_PROPAGATION READ_ASSIGNMENTS READ_BEGIN -x1 x3 READ_END N_VARS_ASSIGNED I I N_VARS_TOTAL I I I I I I I I I I I I I I I I I I I I I WRITE_ASSIGNMENTS WRITE_BEGIN x4 WRITE_END WRITE_DECISION_LEVELS WRITE_BEGIN I I I WRITE_END WRITE_REASON_CLAUSES WRITE_BEGIN None WRITE_END LEVEL_UP CALL_UNIT_PROPAGATION READ_ASSIGNMENTS READ_BEGIN -x1 x3 x4 READ_END N_VARS_ASSIGNED I I I N_VARS_TOTAL I I I I I I I I I I I I I I I I I I I I I WRITE_ASSIGNMENTS WRITE_BEGIN -x5 WRITE_END WRITE_DECISION_LEVELS WRITE_BEGIN I I I I WRITE_END WRITE_REASON_CLAUSES WRITE_BEGIN None WRITE_END LEVEL_UP CALL_UNIT_PROPAGATION READ_ASSIGNMENTS READ_BEGIN -x1 x3 x4 -x5 -x16 x25 READ_END N_VARS_ASSIGNED I I I I I I N_VARS_TOTAL I I I I I I I I I I I I I I I I I I I I I WRITE_ASSIGNMENTS WRITE_BEGIN x7 WRITE_END WRITE_DECISION_LEVELS WRITE_BEGIN I I I I I WRITE_END WRITE_REASON_CLAUSES WRITE_BEGIN None WRITE_END LEVEL_UP CALL_UNIT_PROPAGATION READ_LEVEL READ_BEGIN I I I I I READ_END IS UNSAT 0 CALL_ANALYZE_CONFLICT BACKTRACK CALL_UNIT_PROPAGATION READ_ASSIGNMENTS READ_BEGIN -x1 x3 x4 -x5 -x16 x25 -x7 -x12 -x15 x14 x21 x20 x19 x17 x13 -x10 -x23 x8 -x18 -x22 READ_END N_VARS_ASSIGNED I I I I I I I I I I I I I I I I I I I I N_VARS_TOTAL I I I I I I I I I I I I I I I I I I I I I WRITE_ASSIGNMENTS WRITE_BEGIN x9 WRITE_END WRITE_DECISION_LEVELS WRITE_BEGIN I I I I I WRITE_END WRITE_REASON_CLAUSES WRITE_BEGIN None WRITE_END LEVEL_UP CALL_UNIT_PROPAGATION READ_ASSIGNMENTS READ_BEGIN -x1 x3 x4 -x5 -x16 x25 -x7 -x12 -x15 x14 x21 x20 x19 x17 x13 -x10 -x23 x8 -x18 -x22 x9 READ_END N_VARS_ASSIGNED I I I I I I I I I I I I I I I I I I I I I N_VARS_TOTAL I I I I I I I I I I I I I I I I I I I I I SAT SOLVE_END
Decoded Labels:  READ_CLAUSES CALL_UNIT_PROPAGATION READ_ASSIGNMENTS N_VARS_ASSIGNED N_VARS_TOTAL I I I I I I I I I I I I I I I I I I I I I WRITE_ASSIGNMENTS WRITE_BEGIN -x1 WRITE_END WRITE_DECISION_LEVELS WRITE_BEGIN I WRITE_END WRITE_REASON_CLAUSES WRITE_BEGIN None WRITE_END LEVEL_UP CALL_UNIT_PROPAGATION READ_ASSIGNMENTS N_VARS_ASSIGNED I N_VARS_TOTAL I I I I I I I I I I I I I I I I I I I I I WRITE_ASSIGNMENTS WRITE_BEGIN x3 WRITE_END WRITE_DECISION_LEVELS WRITE_BEGIN I I WRITE_END WRITE_REASON_CLAUSES WRITE_BEGIN None WRITE_END LEVEL_UP CALL_UNIT_PROPAGATION READ_ASSIGNMENTS N_VARS_ASSIGNED I I N_VARS_TOTAL I I I I I I I I I I I I I I I I I I I I I WRITE_ASSIGNMENTS WRITE_BEGIN x4 WRITE_END WRITE_DECISION_LEVELS WRITE_BEGIN I I I WRITE_END WRITE_REASON_CLAUSES WRITE_BEGIN None WRITE_END LEVEL_UP CALL_UNIT_PROPAGATION READ_ASSIGNMENTS N_VARS_ASSIGNED I I I N_VARS_TOTAL I I I I I I I I I I I I I I I I I I I I I WRITE_ASSIGNMENTS WRITE_BEGIN -x5 WRITE_END WRITE_DECISION_LEVELS WRITE_BEGIN I I I I WRITE_END WRITE_REASON_CLAUSES WRITE_BEGIN None WRITE_END LEVEL_UP CALL_UNIT_PROPAGATION READ_ASSIGNMENTS N_VARS_ASSIGNED I I I I I I N_VARS_TOTAL I I I I I I I I I I I I I I I I I I I I I WRITE_ASSIGNMENTS WRITE_BEGIN x7 WRITE_END WRITE_DECISION_LEVELS WRITE_BEGIN I I I I I WRITE_END WRITE_REASON_CLAUSES WRITE_BEGIN None WRITE_END LEVEL_UP CALL_UNIT_PROPAGATION READ_LEVEL IS UNSAT 0 CALL_ANALYZE_CONFLICT BACKTRACK CALL_UNIT_PROPAGATION READ_ASSIGNMENTS N_VARS_ASSIGNED I I I I I I I I I I I I I I I I I I I I N_VARS_TOTAL I I I I I I I I I I I I I I I I I I I I I WRITE_ASSIGNMENTS WRITE_BEGIN x9 WRITE_END WRITE_DECISION_LEVELS WRITE_BEGIN I I I I I WRITE_END WRITE_REASON_CLAUSES WRITE_BEGIN None WRITE_END LEVEL_UP CALL_UNIT_PROPAGATION READ_ASSIGNMENTS N_VARS_ASSIGNED I I I I I I I I I I I I I I I I I I I I I N_VARS_TOTAL I I I I I I I I I I I I I I I I I I I I I SAT SOLVE_END


Example 2:
Input IDs:       [54, 75, 55, 88, 14, 46, 51, 38, 88, 24, 94, 57, 38, 88, 64, 51, 36, 38, 88, 31, 97, 8, 38, 88, 20, 98, 29, 38, 88, 61, 19, 5, 38, 88, 30, 68, 24, 38, 88, 59, 51, 78, 38, 88, 97, 59, 94, 38, 88, 8, 78, 20, 38, 88, 37, 94, 20, 38, 88, 74, 35, 97, 38, 88, 46, 30, 29, 38, 88, 65, 53, 60, 38, 88, 8, 47, 74, 38, 88, 57, 98, 37, 38, 88, 64, 25, 94, 38, 88, 20, 31, 94, 38, 88, 74, 24, 36, 38, 88, 14, 53, 61, 38, 88, 74, 63, 22, 38, 88, 52, 64, 60, 38, 88, 63, 28, 53, 38, 88, 23, 97, 30, 38, 88, 25, 94, 24, 38, 88, 35, 22, 74, 38, 88, 24, 60, 23, 38, 88, 63, 8, 61, 38, 88, 24, 46, 65, 38, 88, 97, 94, 30, 38, 88, 84, 60, 35, 38, 88, 25, 46, 52, 38, 88, 98, 34, 52, 38, 88, 52, 61, 73, 38, 88, 97, 0, 72, 38, 88, 8, 97, 19, 38, 88, 73, 35, 36, 38, 88, 20, 31, 25, 38, 88, 22, 76, 36, 38, 88, 68, 59, 31, 38, 88, 84, 47, 60, 38, 88, 24, 73, 29, 38, 88, 64, 20, 30, 38, 88, 72, 19, 97, 38, 88, 65, 72, 73, 38, 88, 63, 29, 14, 38, 88, 76, 47, 59, 38, 88, 36, 8, 57, 38, 88, 74, 47, 78, 38, 88, 22, 68, 35, 38, 88, 37, 64, 36, 38, 88, 61, 6, 74, 38, 88, 74, 23, 60, 38, 88, 14, 64, 84, 38, 88, 52, 98, 14, 38, 88, 74, 20, 8, 38, 88, 94, 6, 35, 38, 88, 98, 47, 73, 38, 88, 73, 34, 0, 38, 88, 35, 98, 6, 38, 88, 20, 31, 36, 38, 88, 98, 97, 14, 38, 88, 30, 25, 46, 38, 88, 97, 52, 28, 38, 88, 19, 14, 34, 38, 88, 24, 29, 28, 38, 88, 74, 30, 44, 38, 88, 98, 51, 63, 38, 88, 73, 31, 36, 38, 88, 0, 34, 98, 38, 88, 29, 44, 23, 38, 88, 23, 35, 6, 38, 88, 20, 51, 57, 38, 88, 59, 60, 98, 38, 88, 68, 37, 60, 38, 88, 22, 19, 23, 38, 88, 97, 23, 52, 38, 88, 84, 51, 19, 38, 88, 76, 25, 52, 38, 88, 61, 31, 97, 38, 88, 73, 24, 46, 38, 99, 27, 55, 99, 87, 55, 99, 43, 10, 56]
Attention Mask:  [1, 1, 1, 1, 1, 1, 1, 1, 1, 1, 1, 1, 1, 1, 1, 1, 1, 1, 1, 1, 1, 1, 1, 1, 1, 1, 1, 1, 1, 1, 1, 1, 1, 1, 1, 1, 1, 1, 1, 1, 1, 1, 1, 1, 1, 1, 1, 1, 1, 1, 1, 1, 1, 1, 1, 1, 1, 1, 1, 1, 1, 1, 1, 1, 1, 1, 1, 1, 1, 1, 1, 1, 1, 1, 1, 1, 1, 1, 1, 1, 1, 1, 1, 1, 1, 1, 1, 1, 1, 1, 1, 1, 1, 1, 1, 1, 1, 1, 1, 1, 1, 1, 1, 1, 1, 1, 1, 1, 1, 1, 1, 1, 1, 1, 1, 1, 1, 1, 1, 1, 1, 1, 1, 1, 1, 1, 1, 1, 1, 1, 1, 1, 1, 1, 1, 1, 1, 1, 1, 1, 1, 1, 1, 1, 1, 1, 1, 1, 1, 1, 1, 1, 1, 1, 1, 1, 1, 1, 1, 1, 1, 1, 1, 1, 1, 1, 1, 1, 1, 1, 1, 1, 1, 1, 1, 1, 1, 1, 1, 1, 1, 1, 1, 1, 1, 1, 1, 1, 1, 1, 1, 1, 1, 1, 1, 1, 1, 1, 1, 1, 1, 1, 1, 1, 1, 1, 1, 1, 1, 1, 1, 1, 1, 1, 1, 1, 1, 1, 1, 1, 1, 1, 1, 1, 1, 1, 1, 1, 1, 1, 1, 1, 1, 1, 1, 1, 1, 1, 1, 1, 1, 1, 1, 1, 1, 1, 1, 1, 1, 1, 1, 1, 1, 1, 1, 1, 1, 1, 1, 1, 1, 1, 1, 1, 1, 1, 1, 1, 1, 1, 1, 1, 1, 1, 1, 1, 1, 1, 1, 1, 1, 1, 1, 1, 1, 1, 1, 1, 1, 1, 1, 1, 1, 1, 1, 1, 1, 1, 1, 1, 1, 1, 1, 1, 1, 1, 1, 1, 1, 1, 1, 1, 1, 1, 1, 1, 1, 1, 1, 1, 1, 1, 1, 1, 1, 1, 1, 1, 1, 1, 1, 1, 1, 1, 1, 1, 1, 1, 1, 1, 1, 1, 1, 1, 1, 1, 1, 1, 1, 1, 1, 1, 1, 1, 1, 1, 1, 1, 1, 1, 1, 1, 1, 1, 1, 1, 1, 1, 1, 1, 1, 1, 1, 1, 1, 1, 1, 1, 1, 1, 1, 1, 1, 1, 1, 1, 1, 1, 1, 1, 1, 1, 1, 1, 1, 1, 1, 1, 1, 1, 1, 1, 1, 1, 1, 1, 1, 1, 1, 1, 1, 1, 1, 1, 1, 1, 1, 1]
Labels:          [75, -100, -100, -100, -100, -100, -100, -100, -100, -100, -100, -100, -100, -100, -100, -100, -100, -100, -100, -100, -100, -100, -100, -100, -100, -100, -100, -100, -100, -100, -100, -100, -100, -100, -100, -100, -100, -100, -100, -100, -100, -100, -100, -100, -100, -100, -100, -100, -100, -100, -100, -100, -100, -100, -100, -100, -100, -100, -100, -100, -100, -100, -100, -100, -100, -100, -100, -100, -100, -100, -100, -100, -100, -100, -100, -100, -100, -100, -100, -100, -100, -100, -100, -100, -100, -100, -100, -100, -100, -100, -100, -100, -100, -100, -100, -100, -100, -100, -100, -100, -100, -100, -100, -100, -100, -100, -100, -100, -100, -100, -100, -100, -100, -100, -100, -100, -100, -100, -100, -100, -100, -100, -100, -100, -100, -100, -100, -100, -100, -100, -100, -100, -100, -100, -100, -100, -100, -100, -100, -100, -100, -100, -100, -100, -100, -100, -100, -100, -100, -100, -100, -100, -100, -100, -100, -100, -100, -100, -100, -100, -100, -100, -100, -100, -100, -100, -100, -100, -100, -100, -100, -100, -100, -100, -100, -100, -100, -100, -100, -100, -100, -100, -100, -100, -100, -100, -100, -100, -100, -100, -100, -100, -100, -100, -100, -100, -100, -100, -100, -100, -100, -100, -100, -100, -100, -100, -100, -100, -100, -100, -100, -100, -100, -100, -100, -100, -100, -100, -100, -100, -100, -100, -100, -100, -100, -100, -100, -100, -100, -100, -100, -100, -100, -100, -100, -100, -100, -100, -100, -100, -100, -100, -100, -100, -100, -100, -100, -100, -100, -100, -100, -100, -100, -100, -100, -100, -100, -100, -100, -100, -100, -100, -100, -100, -100, -100, -100, -100, -100, -100, -100, -100, -100, -100, -100, -100, -100, -100, -100, -100, -100, -100, -100, -100, -100, -100, -100, -100, -100, -100, -100, -100, -100, -100, -100, -100, -100, -100, -100, -100, -100, -100, -100, -100, -100, -100, -100, -100, -100, -100, -100, -100, -100, -100, -100, -100, -100, -100, -100, -100, -100, -100, -100, -100, -100, -100, -100, -100, -100, -100, -100, -100, -100, -100, -100, -100, -100, -100, -100, -100, -100, -100, -100, -100, -100, -100, -100, -100, -100, -100, -100, -100, -100, -100, -100, -100, -100, -100, -100, -100, -100, -100, -100, -100, -100, -100, -100, -100, -100, -100, -100, -100, -100, -100, -100, -100, -100, -100, -100, -100, -100, -100, -100, -100, -100, -100, -100, -100, -100, -100, -100, -100, -100, -100, -100, -100, -100, -100, -100, -100, -100, -100, -100, -100, -100, -100, -100, -100, 27, -100, -100, 87, -100, -100, 43, 10, 56, -100]
Decoded Input:   UNIT_PROPAGATION_BEGIN READ_CLAUSES READ_BEGIN [ x12 x10 -x23 ] [ x21 x4 x22 ] [ -x20 -x23 -x1 ] [ -x17 -x10 x18 ] [ x8 x17 -x14 ] [ x5 -x4 -x16 ] [ x3 -x18 x21 ] [ -x13 -x23 x15 ] [ -x10 -x13 x4 ] [ x18 x15 x8 ] [ -x25 x4 x8 ] [ -x12 -x21 -x10 ] [ x10 x3 -x14 ] [ -x22 x14 -x9 ] [ x18 -x7 -x12 ] [ x22 x17 -x25 ] [ -x20 -x19 x4 ] [ x8 -x17 x4 ] [ -x12 x21 -x1 ] [ x12 x14 x5 ] [ -x12 x20 -x8 ] [ x25 -x20 -x9 ] [ x20 x1 x14 ] [ x13 -x10 x3 ] [ -x19 x4 x21 ] [ -x21 -x8 -x12 ] [ x21 -x9 x13 ] [ x20 x18 x5 ] [ x21 x10 -x22 ] [ -x10 x4 x3 ] [ x19 -x9 -x21 ] [ -x19 x10 x25 ] [ x17 -x15 x25 ] [ x25 x5 -x3 ] [ -x10 x9 x23 ] [ x18 -x10 -x4 ] [ -x3 -x21 -x1 ] [ x8 -x17 -x19 ] [ -x8 x16 -x1 ] [ -x18 -x13 -x17 ] [ x19 -x7 -x9 ] [ x21 -x3 -x14 ] [ -x20 x8 x3 ] [ x23 -x4 -x10 ] [ -x22 x23 -x3 ] [ x20 -x14 x12 ] [ x16 -x7 -x13 ] [ -x1 x18 x22 ] [ -x12 -x7 x15 ] [ -x8 -x18 -x21 ] [ -x25 -x20 -x1 ] [ x5 x7 -x12 ] [ -x12 x13 -x9 ] [ x12 -x20 x19 ] [ x25 x17 x12 ] [ -x12 x8 x18 ] [ x4 x7 -x21 ] [ x17 -x7 -x3 ] [ -x3 -x15 x9 ] [ -x21 x17 x7 ] [ x8 -x17 -x1 ] [ x17 -x10 x12 ] [ x3 -x19 x10 ] [ -x10 x25 x1 ] [ -x4 x12 -x15 ] [ x21 -x14 x1 ] [ -x12 x3 -x5 ] [ x17 -x23 x20 ] [ -x3 -x17 -x1 ] [ x9 -x15 x17 ] [ -x14 -x5 x13 ] [ x13 -x21 x7 ] [ x8 -x23 x22 ] [ -x13 -x9 x17 ] [ -x18 -x25 -x9 ] [ -x8 -x4 x13 ] [ -x10 x13 x25 ] [ x19 -x23 -x4 ] [ x16 -x19 x25 ] [ x5 -x17 -x10 ] [ -x3 x21 x10 ] READ_END READ_LEARNED_CLAUSES READ_BEGIN READ_END READ_ASSIGNMENTS READ_BEGIN READ_END PROPAGATED 0 UNIT_PROPAGATION_END
Decoded Labels:  READ_CLAUSES READ_LEARNED_CLAUSES READ_ASSIGNMENTS PROPAGATED 0 UNIT_PROPAGATION_END


Example 3:
Input IDs:       [54, 75, 55, 88, 14, 46, 51, 38, 88, 24, 94, 57, 38, 88, 64, 51, 36, 38, 88, 31, 97, 8, 38, 88, 20, 98, 29, 38, 88, 61, 19, 5, 38, 88, 30, 68, 24, 38, 88, 59, 51, 78, 38, 88, 97, 59, 94, 38, 88, 8, 78, 20, 38, 88, 37, 94, 20, 38, 88, 74, 35, 97, 38, 88, 46, 30, 29, 38, 88, 65, 53, 60, 38, 88, 8, 47, 74, 38, 88, 57, 98, 37, 38, 88, 64, 25, 94, 38, 88, 20, 31, 94, 38, 88, 74, 24, 36, 38, 88, 14, 53, 61, 38, 88, 74, 63, 22, 38, 88, 52, 64, 60, 38, 88, 63, 28, 53, 38, 88, 23, 97, 30, 38, 88, 25, 94, 24, 38, 88, 35, 22, 74, 38, 88, 24, 60, 23, 38, 88, 63, 8, 61, 38, 88, 24, 46, 65, 38, 88, 97, 94, 30, 38, 88, 84, 60, 35, 38, 88, 25, 46, 52, 38, 88, 98, 34, 52, 38, 88, 52, 61, 73, 38, 88, 97, 0, 72, 38, 88, 8, 97, 19, 38, 88, 73, 35, 36, 38, 88, 20, 31, 25, 38, 88, 22, 76, 36, 38, 88, 68, 59, 31, 38, 88, 84, 47, 60, 38, 88, 24, 73, 29, 38, 88, 64, 20, 30, 38, 88, 72, 19, 97, 38, 88, 65, 72, 73, 38, 88, 63, 29, 14, 38, 88, 76, 47, 59, 38, 88, 36, 8, 57, 38, 88, 74, 47, 78, 38, 88, 22, 68, 35, 38, 88, 37, 64, 36, 38, 88, 61, 6, 74, 38, 88, 74, 23, 60, 38, 88, 14, 64, 84, 38, 88, 52, 98, 14, 38, 88, 74, 20, 8, 38, 88, 94, 6, 35, 38, 88, 98, 47, 73, 38, 88, 73, 34, 0, 38, 88, 35, 98, 6, 38, 88, 20, 31, 36, 38, 88, 98, 97, 14, 38, 88, 30, 25, 46, 38, 88, 97, 52, 28, 38, 88, 19, 14, 34, 38, 88, 24, 29, 28, 38, 88, 74, 30, 44, 38, 88, 98, 51, 63, 38, 88, 73, 31, 36, 38, 88, 0, 34, 98, 38, 88, 29, 44, 23, 38, 88, 23, 35, 6, 38, 88, 20, 51, 57, 38, 88, 59, 60, 98, 38, 88, 68, 37, 60, 38, 88, 22, 19, 23, 38, 88, 97, 23, 52, 38, 88, 84, 51, 19, 38, 88, 76, 25, 52, 38, 88, 61, 31, 97, 38, 88, 73, 24, 46, 38, 99, 27, 55, 99, 87, 55, 36, 99, 43, 10, 56]
Attention Mask:  [1, 1, 1, 1, 1, 1, 1, 1, 1, 1, 1, 1, 1, 1, 1, 1, 1, 1, 1, 1, 1, 1, 1, 1, 1, 1, 1, 1, 1, 1, 1, 1, 1, 1, 1, 1, 1, 1, 1, 1, 1, 1, 1, 1, 1, 1, 1, 1, 1, 1, 1, 1, 1, 1, 1, 1, 1, 1, 1, 1, 1, 1, 1, 1, 1, 1, 1, 1, 1, 1, 1, 1, 1, 1, 1, 1, 1, 1, 1, 1, 1, 1, 1, 1, 1, 1, 1, 1, 1, 1, 1, 1, 1, 1, 1, 1, 1, 1, 1, 1, 1, 1, 1, 1, 1, 1, 1, 1, 1, 1, 1, 1, 1, 1, 1, 1, 1, 1, 1, 1, 1, 1, 1, 1, 1, 1, 1, 1, 1, 1, 1, 1, 1, 1, 1, 1, 1, 1, 1, 1, 1, 1, 1, 1, 1, 1, 1, 1, 1, 1, 1, 1, 1, 1, 1, 1, 1, 1, 1, 1, 1, 1, 1, 1, 1, 1, 1, 1, 1, 1, 1, 1, 1, 1, 1, 1, 1, 1, 1, 1, 1, 1, 1, 1, 1, 1, 1, 1, 1, 1, 1, 1, 1, 1, 1, 1, 1, 1, 1, 1, 1, 1, 1, 1, 1, 1, 1, 1, 1, 1, 1, 1, 1, 1, 1, 1, 1, 1, 1, 1, 1, 1, 1, 1, 1, 1, 1, 1, 1, 1, 1, 1, 1, 1, 1, 1, 1, 1, 1, 1, 1, 1, 1, 1, 1, 1, 1, 1, 1, 1, 1, 1, 1, 1, 1, 1, 1, 1, 1, 1, 1, 1, 1, 1, 1, 1, 1, 1, 1, 1, 1, 1, 1, 1, 1, 1, 1, 1, 1, 1, 1, 1, 1, 1, 1, 1, 1, 1, 1, 1, 1, 1, 1, 1, 1, 1, 1, 1, 1, 1, 1, 1, 1, 1, 1, 1, 1, 1, 1, 1, 1, 1, 1, 1, 1, 1, 1, 1, 1, 1, 1, 1, 1, 1, 1, 1, 1, 1, 1, 1, 1, 1, 1, 1, 1, 1, 1, 1, 1, 1, 1, 1, 1, 1, 1, 1, 1, 1, 1, 1, 1, 1, 1, 1, 1, 1, 1, 1, 1, 1, 1, 1, 1, 1, 1, 1, 1, 1, 1, 1, 1, 1, 1, 1, 1, 1, 1, 1, 1, 1, 1, 1, 1, 1, 1, 1, 1, 1, 1, 1, 1, 1, 1, 1, 1, 1, 1, 1, 1, 1, 1, 1, 1, 1, 1, 1, 1, 1, 1, 1, 1, 1, 1, 1, 1, 1, 1, 1, 1]
Labels:          [75, -100, -100, -100, -100, -100, -100, -100, -100, -100, -100, -100, -100, -100, -100, -100, -100, -100, -100, -100, -100, -100, -100, -100, -100, -100, -100, -100, -100, -100, -100, -100, -100, -100, -100, -100, -100, -100, -100, -100, -100, -100, -100, -100, -100, -100, -100, -100, -100, -100, -100, -100, -100, -100, -100, -100, -100, -100, -100, -100, -100, -100, -100, -100, -100, -100, -100, -100, -100, -100, -100, -100, -100, -100, -100, -100, -100, -100, -100, -100, -100, -100, -100, -100, -100, -100, -100, -100, -100, -100, -100, -100, -100, -100, -100, -100, -100, -100, -100, -100, -100, -100, -100, -100, -100, -100, -100, -100, -100, -100, -100, -100, -100, -100, -100, -100, -100, -100, -100, -100, -100, -100, -100, -100, -100, -100, -100, -100, -100, -100, -100, -100, -100, -100, -100, -100, -100, -100, -100, -100, -100, -100, -100, -100, -100, -100, -100, -100, -100, -100, -100, -100, -100, -100, -100, -100, -100, -100, -100, -100, -100, -100, -100, -100, -100, -100, -100, -100, -100, -100, -100, -100, -100, -100, -100, -100, -100, -100, -100, -100, -100, -100, -100, -100, -100, -100, -100, -100, -100, -100, -100, -100, -100, -100, -100, -100, -100, -100, -100, -100, -100, -100, -100, -100, -100, -100, -100, -100, -100, -100, -100, -100, -100, -100, -100, -100, -100, -100, -100, -100, -100, -100, -100, -100, -100, -100, -100, -100, -100, -100, -100, -100, -100, -100, -100, -100, -100, -100, -100, -100, -100, -100, -100, -100, -100, -100, -100, -100, -100, -100, -100, -100, -100, -100, -100, -100, -100, -100, -100, -100, -100, -100, -100, -100, -100, -100, -100, -100, -100, -100, -100, -100, -100, -100, -100, -100, -100, -100, -100, -100, -100, -100, -100, -100, -100, -100, -100, -100, -100, -100, -100, -100, -100, -100, -100, -100, -100, -100, -100, -100, -100, -100, -100, -100, -100, -100, -100, -100, -100, -100, -100, -100, -100, -100, -100, -100, -100, -100, -100, -100, -100, -100, -100, -100, -100, -100, -100, -100, -100, -100, -100, -100, -100, -100, -100, -100, -100, -100, -100, -100, -100, -100, -100, -100, -100, -100, -100, -100, -100, -100, -100, -100, -100, -100, -100, -100, -100, -100, -100, -100, -100, -100, -100, -100, -100, -100, -100, -100, -100, -100, -100, -100, -100, -100, -100, -100, -100, -100, -100, -100, -100, -100, -100, -100, -100, -100, -100, -100, -100, -100, -100, -100, -100, -100, -100, -100, -100, -100, -100, -100, -100, -100, -100, -100, -100, -100, -100, -100, 27, -100, -100, 87, -100, -100, -100, 43, 10, 56, -100]
Decoded Input:   UNIT_PROPAGATION_BEGIN READ_CLAUSES READ_BEGIN [ x12 x10 -x23 ] [ x21 x4 x22 ] [ -x20 -x23 -x1 ] [ -x17 -x10 x18 ] [ x8 x17 -x14 ] [ x5 -x4 -x16 ] [ x3 -x18 x21 ] [ -x13 -x23 x15 ] [ -x10 -x13 x4 ] [ x18 x15 x8 ] [ -x25 x4 x8 ] [ -x12 -x21 -x10 ] [ x10 x3 -x14 ] [ -x22 x14 -x9 ] [ x18 -x7 -x12 ] [ x22 x17 -x25 ] [ -x20 -x19 x4 ] [ x8 -x17 x4 ] [ -x12 x21 -x1 ] [ x12 x14 x5 ] [ -x12 x20 -x8 ] [ x25 -x20 -x9 ] [ x20 x1 x14 ] [ x13 -x10 x3 ] [ -x19 x4 x21 ] [ -x21 -x8 -x12 ] [ x21 -x9 x13 ] [ x20 x18 x5 ] [ x21 x10 -x22 ] [ -x10 x4 x3 ] [ x19 -x9 -x21 ] [ -x19 x10 x25 ] [ x17 -x15 x25 ] [ x25 x5 -x3 ] [ -x10 x9 x23 ] [ x18 -x10 -x4 ] [ -x3 -x21 -x1 ] [ x8 -x17 -x19 ] [ -x8 x16 -x1 ] [ -x18 -x13 -x17 ] [ x19 -x7 -x9 ] [ x21 -x3 -x14 ] [ -x20 x8 x3 ] [ x23 -x4 -x10 ] [ -x22 x23 -x3 ] [ x20 -x14 x12 ] [ x16 -x7 -x13 ] [ -x1 x18 x22 ] [ -x12 -x7 x15 ] [ -x8 -x18 -x21 ] [ -x25 -x20 -x1 ] [ x5 x7 -x12 ] [ -x12 x13 -x9 ] [ x12 -x20 x19 ] [ x25 x17 x12 ] [ -x12 x8 x18 ] [ x4 x7 -x21 ] [ x17 -x7 -x3 ] [ -x3 -x15 x9 ] [ -x21 x17 x7 ] [ x8 -x17 -x1 ] [ x17 -x10 x12 ] [ x3 -x19 x10 ] [ -x10 x25 x1 ] [ -x4 x12 -x15 ] [ x21 -x14 x1 ] [ -x12 x3 -x5 ] [ x17 -x23 x20 ] [ -x3 -x17 -x1 ] [ x9 -x15 x17 ] [ -x14 -x5 x13 ] [ x13 -x21 x7 ] [ x8 -x23 x22 ] [ -x13 -x9 x17 ] [ -x18 -x25 -x9 ] [ -x8 -x4 x13 ] [ -x10 x13 x25 ] [ x19 -x23 -x4 ] [ x16 -x19 x25 ] [ x5 -x17 -x10 ] [ -x3 x21 x10 ] READ_END READ_LEARNED_CLAUSES READ_BEGIN READ_END READ_ASSIGNMENTS READ_BEGIN -x1 READ_END PROPAGATED 0 UNIT_PROPAGATION_END
Decoded Labels:  READ_CLAUSES READ_LEARNED_CLAUSES READ_ASSIGNMENTS PROPAGATED 0 UNIT_PROPAGATION_END

[OOD] Mean: 559.59, Min: 85, Max: 4461